PORO
0.3275
0.3539
0.2208
0.2338
0.3645
0.3687
0.2624
   0.1
   0.1
0.3492
0.2028
0.3401
0.3683
0.3529
   0.1
   0.1
   0.1
   0.1
   0.1
   0.1
0.2492
   0.1
   0.1
0.3241
0.1636
0.1717
0.2693
0.1795
0.3377
   0.1
   0.1
   0.1
   0.1
   0.1
0.3647
   0.1
0.3365
0.3578
0.2606
0.2386
   0.1
0.2208
0.3553
0.3516
0.3213
0.3682
   0.1
   0.1
0.3687
0.3657
 0.268
0.1655
0.3682
0.1559
   0.1
   0.1
   0.1
   0.1
   0.1
   0.1
   0.1
   0.1
   0.1
0.2786
 0.284
0.2842
   0.1
   0.1
   0.1
0.1576
0.2455
0.3307
0.2565
 0.319
   0.1
0.3347
   0.1
   0.1
   0.1
   0.1
0.3272
   0.1
0.1635
0.2877
0.3465
0.3685
 0.297
0.1654
0.3225
   0.1
   0.1
   0.1
   0.1
   0.1
   0.1
   0.1
0.3664
0.1646
0.1838
   0.1
   0.1
   0.1
 0.207
0.2946
0.3541
   0.1
0.1824
0.3602
0.2909
 0.362
0.3685
0.1906
0.3642
0.3279
   0.1
   0.1
   0.1
   0.1
   0.1
   0.1
0.3661
0.3482
   0.1
   0.1
   0.1
   0.1
   0.1
   0.1
   0.1
0.3411
0.2953
0.1868
0.2551
0.3255
   0.1
0.1629
 0.175
   0.1
   0.1
   0.1
   0.1
   0.1
0.1635
0.1577
 0.363
0.3594
0.3525
0.2381
   0.1
   0.1
   0.1
   0.1
   0.1
   0.1
   0.1
   0.1
   0.1
   0.1
   0.1
   0.1
   0.1
   0.1
0.2934
0.2492
   0.1
0.3681
0.2971
0.3679
 0.224
0.2198
0.1807
0.1572
0.2467
0.2366
   0.1
   0.1
   0.1
   0.1
   0.1
   0.1
0.2825
0.3318
0.3681
0.2584
   0.1
   0.1
   0.1
   0.1
   0.1
   0.1
   0.1
0.3291
0.3012
0.3222
   0.1
0.1572
0.3073
0.3685
   0.1
   0.1
   0.1
   0.1
   0.1
0.1943
0.3233
0.2818
0.3448
   0.1
   0.1
   0.1
   0.1
   0.1
   0.1
   0.1
   0.1
   0.1
   0.1
   0.1
   0.1
   0.1
   0.1
   0.1
 0.156
0.3493
   0.1
0.3089
0.2803
0.1664
0.1844
0.3677
0.3546
0.3687
0.1602
0.2069
   0.1
   0.1
   0.1
   0.1
   0.1
0.2635
0.3484
0.1655
0.2889
 0.357
0.3685
   0.1
   0.1
   0.1
   0.1
   0.1
   0.1
   0.1
0.2364
0.3684
0.1779
   0.1
0.3407
0.3686
0.3317
   0.1
   0.1
   0.1
   0.1
   0.1
   0.1
   0.1
   0.1
   0.1
0.3686
   0.1
0.1564
   0.1
   0.1
   0.1
   0.1
   0.1
   0.1
   0.1
   0.1
   0.1
   0.1
   0.1
   0.1
   0.1
 0.267
0.3646
 0.357
0.3641
0.3669
 0.368
0.3299
0.3505
0.3626
0.3174
   0.1
0.3658
0.3606
0.2483
0.3328
 0.334
0.3407
0.3042
0.1913
0.2964
0.3013
   0.1
   0.1
   0.1
   0.1
   0.1
   0.1
   0.1
0.2221
 0.345
0.1642
   0.1
0.1962
0.1987
0.1965
   0.1
   0.1
   0.1
   0.1
   0.1
0.2815
   0.1
0.1619
   0.1
   0.1
   0.1
   0.1
   0.1
   0.1
0.2313
   0.1
   0.1
   0.1
   0.1
0.3572
   0.1
   0.1
   0.1
   0.1
   0.1
 0.361
0.3568
0.2032
0.3396
0.3244
0.3684
0.3658
0.1677
0.1564
0.3472
   0.1
0.3508
0.1629
0.1611
0.1709
0.3597
0.2183
0.3687
0.3647
 0.157
0.3564
   0.1
   0.1
   0.1
   0.1
   0.1
   0.1
   0.1
   0.1
0.1564
0.2895
0.2144
   0.1
   0.1
0.2059
0.1598
   0.1
0.3302
   0.1
   0.1
 0.267
   0.1
   0.1
   0.1
   0.1
   0.1
   0.1
0.1627
0.3507
0.2137
0.2623
0.2178
   0.1
   0.1
 0.368
0.2511
0.3478
   0.1
0.1756
0.3472
   0.1
0.3556
0.2938
0.3672
0.1718
0.3675
0.1859
0.3356
0.3163
0.1563
 0.304
0.3231
0.3503
0.3429
 0.217
0.3616
0.3103
0.3635
0.2226
0.3505
0.1563
   0.1
   0.1
   0.1
   0.1
   0.1
   0.1
   0.1
   0.1
0.3684
0.3592
0.2218
0.3581
   0.1
   0.1
   0.1
0.2894
   0.1
   0.1
   0.1
   0.1
0.2581
0.2494
   0.1
0.3435
0.2539
   0.1
0.2634
0.1632
0.3315
0.3121
0.1789
   0.1
   0.1
0.3676
0.1843
0.2916
0.2289
0.1743
0.3681
   0.1
0.1936
 0.175
0.3685
0.3686
0.3391
 0.241
 0.207
0.2444
   0.1
0.2098
0.2515
0.3595
0.3593
0.3405
0.2691
0.1649
 0.205
0.3686
0.1597
   0.1
   0.1
   0.1
   0.1
   0.1
   0.1
   0.1
   0.1
   0.1
   0.1
0.3174
0.3592
0.1689
0.2159
0.3386
0.1576
   0.1
   0.1
0.2526
0.2157
   0.1
   0.1
 0.365
0.3608
0.3606
   0.1
0.3338
 0.304
  0.36
0.3554
 0.355
0.1573
0.3236
   0.1
0.2862
0.3184
0.3652
0.1797
0.3675
0.1571
   0.1
0.2844
0.2243
0.3686
   0.1
   0.1
   0.1
   0.1
   0.1
   0.1
0.3663
0.3257
0.3484
0.3636
0.2433
0.2113
   0.1
   0.1
   0.1
   0.1
   0.1
   0.1
   0.1
   0.1
   0.1
   0.1
   0.1
   0.1
0.3668
0.3685
0.2854
0.3642
0.3677
0.3681
0.3684
0.3411
  0.36
   0.1
0.2258
0.3406
0.2034
0.3366
0.3362
0.3687
0.3547
   0.1
0.3525
0.2369
0.2816
0.1609
 0.361
0.3627
0.2595
   0.1
0.1577
0.2089
0.1793
0.1946
0.3682
0.3676
   0.1
   0.1
0.3302
   0.1
   0.1
   0.1
   0.1
   0.1
   0.1
   0.1
   0.1
0.1645
0.3681
0.1749
0.3515
0.1641
 0.164
0.2357
   0.1
   0.1
   0.1
   0.1
   0.1
   0.1
   0.1
   0.1
   0.1
0.3518
0.2576
0.2258
0.1694
0.3162
0.2082
0.2434
0.3647
0.2222
0.1962
   0.1
 0.357
0.3313
0.3472
0.1568
0.3267
0.3685
   0.1
0.1633
0.2627
   0.2
0.1868
0.3506
0.1619
0.1761
0.3623
   0.1
0.1623
0.3549
0.3269
0.3677
0.2263
0.3658
   0.1
   0.1
0.2574
0.3151
   0.1
   0.1
   0.1
   0.1
   0.1
   0.1
   0.1
0.3469
0.2323
0.1629
0.1559
 0.368
   0.1
   0.1
   0.1
   0.1
   0.1
   0.1
   0.1
   0.1
   0.1
   0.1
   0.1
0.3439
 0.191
0.3282
0.1583
0.2547
0.3687
 0.278
0.3194
0.3098
0.3677
   0.1
  0.36
0.3335
0.3678
0.2912
0.3332
0.3684
   0.1
0.1617
0.1685
 0.329
0.1574
0.3686
0.1903
0.3457
 0.183
0.3666
   0.1
0.3406
0.1983
0.3061
0.2933
0.3566
   0.1
   0.1
 0.323
0.1921
   0.1
   0.1
   0.1
   0.1
   0.1
   0.1
   0.1
0.3684
0.1875
0.3666
0.2718
0.3687
   0.1
   0.1
   0.1
   0.1
   0.1
   0.1
   0.1
   0.1
   0.1
   0.1
0.1582
0.3634
0.3433
0.2417
0.1908
0.2925
0.1604
0.2907
 0.362
0.3684
0.2342
   0.1
0.3655
0.1613
0.1889
0.1639
0.3687
   0.1
   0.1
   0.1
   0.1
   0.1
   0.1
   0.1
   0.1
   0.1
0.2027
 0.363
   0.1
0.2987
0.3439
0.3522
0.3687
0.2993
   0.1
0.3677
0.3618
0.3468
   0.1
0.3481
   0.1
   0.1
   0.1
   0.1
   0.1
   0.1
0.3622
0.1731
0.3294
0.3208
   0.1
   0.1
   0.1
   0.1
   0.1
   0.1
   0.1
   0.1
   0.1
   0.1
0.3544
 0.367
0.3636
0.1582
0.3566
0.1604
0.3675
0.3615
0.2988
 0.159
0.2646
   0.1
0.3674
0.3465
0.1693
0.3045
   0.1
   0.1
   0.1
   0.1
   0.1
   0.1
   0.1
   0.1
   0.1
   0.1
   0.1
0.2079
   0.1
0.3563
0.3317
0.3518
0.2199
   0.1
   0.1
0.3388
0.3658
0.1661
0.2322
   0.1
   0.1
   0.1
   0.1
   0.1
   0.1
   0.1
   0.1
   0.1
   0.1
   0.1
   0.1
   0.1
   0.1
   0.1
   0.1
   0.1
   0.1
   0.1
   0.1
   0.1
0.1565
0.3057
 0.244
0.3483
0.3686
 0.189
0.2262
0.3687
0.2702
0.3089
0.3626
0.2015
   0.1
 0.302
0.3465
   0.1
   0.1
   0.1
   0.1
   0.1
   0.1
   0.1
   0.1
   0.1
   0.1
   0.1
   0.1
   0.1
   0.1
   0.1
   0.1
0.2343
   0.1
   0.1
 0.368
0.3629
0.1912
0.1584
0.3593
   0.1
   0.1
   0.1
   0.1
   0.1
   0.1
   0.1
   0.1
   0.1
   0.1
   0.1
   0.1
   0.1
   0.1
   0.1
   0.1
   0.1
   0.1
   0.1
   0.1
   0.1
0.2395
 0.311
0.2953
0.3303
 0.228
0.1574
0.3552
 0.338
0.3687
0.3347
0.1834
0.1863
   0.1
   0.1
   0.1
   0.1
   0.1
   0.1
   0.1
   0.1
   0.1
   0.1
   0.1
   0.1
   0.1
   0.1
   0.1
   0.1
   0.1
   0.1
0.3686
   0.1
   0.1
0.3626
0.3638
0.3333
  0.33
0.3532
0.3129
   0.1
   0.1
   0.1
   0.1
   0.1
   0.1
   0.1
   0.1
   0.1
   0.1
   0.1
   0.1
   0.1
   0.1
   0.1
   0.1
   0.1
   0.1
   0.1
   0.1
   0.1
0.2559
0.1561
0.1847
0.2926
0.2462
0.1621
 0.363
 0.357
0.3687
0.3297
0.1697
   0.1
   0.1
   0.1
   0.1
   0.1
   0.1
   0.1
   0.1
   0.1
   0.1
   0.1
   0.1
   0.1
   0.1
   0.1
   0.1
   0.1
   0.1
   0.1
   0.1
0.3506
   0.1
0.2784
0.3687
 0.233
0.3277
0.3673
   0.1
   0.1
   0.1
   0.1
   0.1
   0.1
   0.1
   0.1
   0.1
   0.1
   0.1
   0.1
   0.1
   0.1
   0.1
   0.1
   0.1
   0.1
   0.1
   0.1
   0.1
 0.312
0.1851
0.3686
0.2079
0.2715
0.3128
0.3274
0.3685
0.3045
0.3687
0.1877
0.3655
   0.1
   0.1
   0.1
   0.1
   0.1
   0.1
   0.1
   0.1
   0.1
   0.1
   0.1
   0.1
   0.1
   0.1
   0.1
   0.1
   0.1
   0.1
   0.1
   0.1
   0.1
0.1624
0.3629
0.3007
 0.311
0.2495
0.2357
   0.1
   0.1
   0.1
   0.1
   0.1
   0.1
   0.1
   0.1
   0.1
   0.1
   0.1
   0.1
   0.1
   0.1
   0.1
   0.1
   0.1
   0.1
   0.1
0.1981
0.1594
0.1579
0.3264
0.3598
0.3452
0.2479
0.1594
0.1943
0.3401
0.1683
0.1854
 0.356
0.3557
   0.1
   0.1
   0.1
   0.1
   0.1
   0.1
   0.1
   0.1
   0.1
   0.1
   0.1
   0.1
   0.1
   0.1
   0.1
   0.1
   0.1
   0.1
   0.1
   0.1
   0.1
0.2136
0.3603
 0.339
0.3686
0.3365
0.3564
   0.1
   0.1
   0.1
   0.1
   0.1
   0.1
   0.1
   0.1
   0.1
   0.1
   0.1
   0.1
   0.1
   0.1
   0.1
   0.1
   0.1
   0.1
0.1787
0.1733
0.2995
0.1677
0.3408
0.1579
0.3531
0.2822
0.3045
0.3686
0.3687
0.3687
0.3681
0.2099
   0.1
   0.1
   0.1
   0.1
   0.1
   0.1
   0.1
   0.1
   0.1
   0.1
   0.1
   0.1
   0.1
   0.1
   0.1
   0.1
   0.1
   0.1
   0.1
   0.1
   0.1
   0.1
   0.1
0.3413
0.3619
0.3672
0.3683
   0.1
   0.1
   0.1
   0.1
   0.1
   0.1
   0.1
   0.1
   0.1
   0.1
   0.1
   0.1
   0.1
   0.1
   0.1
   0.1
   0.1
0.1819
0.2665
0.1703
0.1618
0.1874
0.3678
0.3112
0.2012
0.2907
0.1707
0.1848
0.2087
0.2572
0.3669
0.3117
0.1754
   0.1
   0.1
   0.1
   0.1
   0.1
   0.1
   0.1
   0.1
   0.1
   0.1
   0.1
   0.1
   0.1
   0.1
   0.1
   0.1
   0.1
   0.1
   0.1
   0.1
   0.1
   0.1
   0.1
   0.1
   0.1
   0.1
   0.1
   0.1
   0.1
   0.1
   0.1
   0.1
   0.1
   0.1
   0.1
   0.1
   0.1
   0.1
   0.1
   0.1
   0.1
   0.1
   0.1
0.3644
0.3518
 0.164
0.2573
 0.156
0.1582
0.2835
0.3347
0.3405
0.3557
0.3642
0.3214
0.1567
0.3684
0.3627
0.3684
0.3687
   0.1
   0.1
   0.1
   0.1
   0.1
   0.1
   0.1
   0.1
   0.1
   0.1
   0.1
   0.1
   0.1
   0.1
   0.1
   0.1
   0.1
   0.1
   0.1
   0.1
   0.1
   0.1
   0.1
   0.1
   0.1
   0.1
   0.1
   0.1
   0.1
   0.1
   0.1
   0.1
   0.1
   0.1
   0.1
   0.1
   0.1
   0.1
   0.1
   0.1
0.3636
   0.1
0.3641
0.1599
0.2645
0.2748
0.3621
0.2388
0.3445
0.3456
0.1574
0.3384
   0.1
0.3388
0.3015
 0.368
0.3641
0.2575
0.1903
0.3645
   0.1
0.1849
0.1761
0.3684
   0.1
   0.1
   0.1
   0.1
   0.1
   0.1
   0.1
   0.1
   0.1
   0.1
   0.1
   0.1
   0.1
   0.1
   0.1
   0.1
   0.1
   0.1
   0.1
   0.1
   0.1
   0.1
   0.1
   0.1
   0.1
   0.1
   0.1
   0.1
   0.1
   0.1
   0.1
   0.1
   0.1
   0.1
   0.1
   0.1
0.1869
 0.246
0.1988
0.3685
0.1568
 0.286
0.2784
0.3631
0.2567
0.1567
0.2553
 0.165
   0.1
0.2195
0.2594
0.3586
0.2519
0.3655
0.1959
   0.1
   0.1
   0.1
0.2307
0.3473
0.3353
   0.1
   0.1
   0.1
   0.1
   0.1
   0.1
   0.1
   0.1
   0.1
   0.1
   0.1
   0.1
   0.1
   0.1
   0.1
   0.1
   0.1
   0.1
   0.1
   0.1
   0.1
   0.1
   0.1
   0.1
   0.1
   0.1
   0.1
   0.1
   0.1
   0.1
   0.1
   0.1
   0.1
   0.1
   0.1
0.3652
0.1828
0.3579
0.3164
0.1929
0.2638
0.2255
0.1932
0.3684
0.2769
0.3454
0.3291
   0.1
0.1853
0.3241
0.1605
0.3256
0.2097
0.3686
   0.1
   0.1
   0.1
   0.1
   0.1
0.3592
0.3155
   0.1
   0.1
0.2291
0.3664
0.3668
0.1866
   0.1
   0.1
   0.1
   0.1
   0.1
   0.1
   0.1
   0.1
   0.1
   0.1
   0.1
   0.1
   0.1
   0.1
   0.1
   0.1
   0.1
   0.1
   0.1
   0.1
   0.1
   0.1
   0.1
   0.1
   0.1
   0.1
   0.1
   0.1
0.3675
0.2242
0.3687
0.2112
0.2131
 0.307
0.3412
0.3455
0.1747
0.3635
0.1794
0.3467
   0.1
   0.1
   0.1
0.1789
0.3654
 0.162
   0.1
   0.1
   0.1
   0.1
   0.1
   0.1
   0.1
0.1872
0.2589
   0.1
   0.1
   0.1
   0.1
   0.1
   0.1
   0.1
   0.1
   0.1
   0.1
   0.1
   0.1
   0.1
   0.1
   0.1
0.2878
 0.167
0.3412
0.3686
0.2387
   0.1
   0.1
   0.1
0.2199
   0.1
   0.1
   0.1
   0.1
   0.1
   0.1
0.3659
0.3687
0.3664
0.1583
0.2601
0.3618
0.3156
0.2798
0.2212
0.3653
0.3685
0.1595
0.3133
 0.191
0.2626
   0.1
   0.1
   0.1
   0.1
0.3687
0.1906
0.2942
0.3644
   0.1
   0.1
   0.1
   0.1
   0.1
   0.1
   0.1
   0.1
   0.1
   0.1
   0.1
0.2836
   0.1
   0.1
   0.1
   0.1
   0.1
   0.1
   0.1
   0.1
0.3228
   0.1
0.3472
 0.353
0.3671
 0.162
0.3681
0.1887
   0.1
   0.1
0.1638
0.2527
0.3681
0.1672
0.3255
0.1574
0.2084
0.1596
0.3663
0.3585
0.2807
0.3011
0.1909
 0.233
0.2705
0.2329
0.2952
0.3073
0.2877
0.3143
0.3118
0.3261
   0.1
   0.1
   0.1
0.1733
   0.1
0.3639
0.3666
0.2659
   0.1
   0.1
   0.1
   0.1
   0.1
   0.1
   0.1
   0.1
   0.1
   0.1
   0.1
 0.327
0.3687
   0.1
   0.1
   0.1
   0.1
   0.1
   0.1
0.3683
 0.366
0.2272
0.2765
0.3118
0.3675
0.2943
0.1661
0.2996
0.3469
   0.1
0.3082
0.2575
0.2747
0.2391
0.2088
0.3577
0.2003
0.2881
0.2489
0.3521
0.3562
0.2019
0.3567
0.3195
0.3637
0.2827
0.1581
0.1784
0.3517
0.3187
0.2978
0.1621
  0.36
   0.1
0.3128
0.3652
   0.1
0.1702
0.1575
0.3289
0.2016
 0.177
   0.1
   0.1
   0.1
   0.1
   0.1
   0.1
   0.1
   0.1
   0.1
   0.1
0.3143
   0.1
   0.1
   0.1
   0.1
0.3577
0.2351
0.3174
0.2371
0.3498
0.3462
 0.156
0.3507
0.2767
0.2002
0.3673
0.3516
0.1942
   0.1
0.3686
 0.362
0.1906
0.3404
0.3653
0.3427
0.3377
0.3614
0.2525
   0.1
0.3524
0.1642
0.2948
0.3603
0.2288
0.1892
0.2885
0.2201
0.3548
0.3684
0.3598
0.1915
   0.1
0.3482
   0.1
0.3182
0.3202
 0.362
 0.334
0.3687
0.1747
0.3637
   0.1
   0.1
   0.1
   0.1
   0.1
   0.1
   0.1
   0.1
   0.1
0.3667
   0.1
0.1581
   0.1
0.3683
0.3653
0.1835
0.3642
   0.1
   0.1
   0.1
   0.1
   0.1
   0.1
 0.361
0.1573
   0.1
   0.1
   0.1
0.3687
   0.1
   0.1
   0.1
   0.1
0.2214
   0.1
   0.1
0.3397
   0.1
0.3676
 0.368
0.2361
   0.1
0.2386
0.3339
0.3678
 0.333
0.2237
 0.366
0.3199
0.3687
 0.322
   0.1
   0.1
0.3578
0.3158
0.2065
 0.319
0.3639
0.3266
0.3591
0.1585
0.2369
0.3496
0.3687
 0.172
   0.1
   0.1
   0.1
   0.1
0.3578
   0.1
0.3153
0.1694
0.3651
0.3396
0.3686
0.2122
0.3417
0.3378
0.1757
0.1582
0.1593
   0.1
   0.1
   0.1
   0.1
   0.1
   0.1
   0.1
   0.1
   0.1
   0.1
 0.366
   0.1
   0.1
0.3673
   0.1
0.2291
0.2158
0.3608
0.1666
0.2278
   0.1
0.3683
0.3632
0.1836
0.1589
0.3109
0.1893
0.2249
0.1589
   0.1
   0.1
0.1824
0.1954
0.3609
0.3686
0.1573
0.3686
0.3582
0.3405
0.3673
0.1724
 0.209
0.3665
0.1659
0.3421
0.2126
0.2931
0.3639
0.3248
0.3541
0.3136
 0.344
 0.159
0.1586
0.2521
   0.1
   0.1
   0.1
   0.1
   0.1
   0.1
   0.1
   0.1
   0.1
   0.1
   0.1
   0.1
   0.1
   0.1
0.3229
0.3677
   0.1
   0.1
   0.1
   0.1
0.3129
0.2758
0.1851
0.2681
  0.23
   0.1
   0.1
0.2138
0.2333
0.3584
0.3612
0.3027
0.3279
0.2678
   0.1
   0.1
   0.1
0.2318
0.3278
0.1943
 0.185
0.3191
0.3312
   0.1
   0.1
   0.1
0.2628
0.2269
0.2176
0.3674
0.3213
0.1755
 0.246
0.3684
0.3501
0.2554
 0.217
0.3529
 0.344
0.3684
0.1721
   0.1
   0.1
   0.1
0.3645
0.3442
   0.1
   0.1
   0.1
   0.1
   0.1
   0.1
   0.1
   0.1
0.3596
0.1983
   0.1
   0.1
   0.1
   0.1
0.3653
0.1563
0.1885
0.3317
0.3686
 0.342
   0.1
 0.368
0.3603
0.2916
0.1853
0.2554
0.2928
0.2232
   0.1
   0.1
   0.1
0.1601
0.3522
0.2118
0.1596
0.2709
0.3667
   0.1
   0.1
   0.1
   0.1
   0.1
   0.1
0.3675
0.3156
0.1569
0.3401
0.3679
0.3542
0.2555
0.3381
0.3337
0.2277
0.1585
0.3685
0.2433
   0.1
   0.1
   0.1
   0.1
0.1831
   0.1
   0.1
   0.1
   0.1
   0.1
   0.1
0.3686
0.3687
   0.1
   0.1
   0.1
   0.1
   0.1
0.3454
0.2261
0.3666
0.3397
0.2942
0.2773
0.3467
   0.1
 0.362
0.3456
 0.207
0.3662
0.3673
0.1566
   0.1
   0.1
   0.1
   0.1
0.3687
0.2889
0.3134
0.3297
 0.164
0.3176
   0.1
   0.1
   0.1
   0.1
   0.1
   0.1
   0.1
   0.1
   0.1
   0.1
0.1878
0.3285
0.2166
0.2749
0.3127
0.1687
0.3632
0.1578
0.2686
   0.1
   0.1
   0.1
   0.1
0.3466
   0.1
   0.1
   0.1
   0.1
   0.1
0.3673
0.3217
   0.1
   0.1
   0.1
   0.1
   0.1
0.1927
0.3563
0.2694
0.3008
0.3628
   0.1
0.3611
0.2547
   0.1
0.3541
  0.26
0.3054
0.3179
0.2702
   0.1
   0.1
   0.1
   0.1
   0.1
0.3626
0.1636
0.3159
0.2675
0.2738
0.3602
   0.1
   0.1
   0.1
   0.1
   0.1
   0.1
   0.1
   0.1
   0.1
0.3678
0.3282
0.3641
0.1629
0.3366
0.3451
0.1599
0.1855
0.1924
   0.1
   0.1
   0.1
   0.1
0.1994
0.3685
   0.1
   0.1
0.3345
0.2993
0.3099
   0.1
   0.1
   0.1
   0.1
   0.1
   0.1
0.3647
0.1697
   0.1
   0.1
   0.1
0.1895
   0.1
   0.1
   0.1
0.2716
0.2106
0.3125
0.1822
   0.1
   0.1
   0.1
   0.1
   0.1
   0.1
   0.1
   0.1
   0.1
0.2662
 0.334
0.3685
0.3652
   0.1
   0.1
   0.1
   0.1
   0.1
   0.1
   0.1
0.3061
0.1586
0.3619
0.3071
0.3488
0.3686
0.3686
0.3596
0.3679
0.3632
0.2634
   0.1
   0.1
   0.1
   0.1
0.2149
0.3538
   0.1
   0.1
   0.1
   0.1
   0.1
   0.1
   0.1
   0.1
   0.1
   0.1
0.3664
0.3687
0.1565
0.2246
0.3535
0.2147
0.1571
   0.1
0.3561
   0.1
   0.1
   0.1
0.1729
   0.1
  0.35
0.3342
 0.258
   0.1
   0.1
   0.1
   0.1
   0.1
0.3687
0.3659
0.2252
0.3546
0.3636
   0.1
   0.1
   0.1
   0.1
   0.1
   0.1
0.2837
 0.367
0.2977
0.2596
0.1961
0.1596
0.3581
0.3335
0.3132
0.1786
0.2172
   0.1
   0.1
   0.1
   0.1
   0.1
   0.1
   0.1
   0.1
   0.1
   0.1
   0.1
   0.1
   0.1
   0.1
   0.1
   0.1
0.3687
0.3664
0.3075
0.2196
0.2907
0.1831
0.3684
   0.1
0.2426
   0.1
   0.1
   0.1
   0.1
   0.1
0.1559
 0.268
0.2261
0.1642
   0.1
   0.1
   0.1
   0.1
0.1917
 0.211
 0.357
0.2537
0.1566
0.3686
0.2961
0.3204
   0.1
   0.1
   0.1
0.2826
0.2365
0.3677
0.3119
0.2626
0.3679
 0.295
0.1698
0.2079
0.3199
0.1589
   0.1
   0.1
   0.1
   0.1
   0.1
   0.1
   0.1
   0.1
   0.1
   0.1
   0.1
   0.1
   0.1
   0.1
   0.1
   0.1
0.2604
0.1798
0.2973
0.3686
 0.195
0.1998
0.1918
   0.1
0.2641
   0.1
   0.1
   0.1
   0.1
   0.1
0.3058
0.1794
0.3687
0.3675
0.3343
   0.1
   0.1
   0.1
   0.1
0.1737
0.1909
 0.368
0.2095
0.1859
0.3662
0.3531
0.2111
0.2968
0.1993
0.2341
0.1808
0.3677
0.2324
0.3352
0.2741
0.3638
0.3326
0.2639
0.3687
0.2424
   0.1
   0.1
   0.1
   0.1
   0.1
   0.1
   0.1
   0.1
   0.1
   0.1
   0.1
   0.1
   0.1
   0.1
0.3684
0.3107
/