PERMX
1288.7 632.8 309.5 1083.3 686.0 1202.1 561.2 1014.1 610.9 765.0 396.7 606.7 817.6 280.1 368.2 590.2 916.0 1504.7 1952.2 1542.4 411.7 673.3 299.5 364.1 701.5 796.9 906.3 656.6 1124.4 1513.5 1491.1 653.7 494.2 415.5 531.2 998.2 393.4 225.7 466.9 950.3 1482.2 2310.2 2121.9 1177.3 627.2 739.6 240.9 283.8 439.5 425.5 285.8 981.7 615.5 678.6 811.8 933.4 514.9 256.1 89.4 1433.4  
690.2 685.5 377.4 1395.3 1365.1 756.1 473.6 758.5 735.8 622.8 565.2 844.6 378.1 287.4 486.7 637.6 1058.0 2085.9 1289.3 922.6 203.1 805.5 289.7 326.3 606.6 588.3 493.2 729.9 1196.0 2336.2 1062.9 284.4 346.9 375.1 440.2 539.2 375.2 358.7 519.5 1067.9 1589.8 2949.0 1592.2 707.7 780.2 434.0 447.2 449.9 435.6 366.6 454.1 944.1 662.8 510.1 588.1 574.9 665.8 434.4 121.8 1081.9  
532.0 330.6 859.4 1482.4 1637.2 657.7 519.6 674.7 395.5 311.8 354.0 674.4 579.1 788.5 263.5 426.4 1763.0 2113.8 1148.5 1069.5 202.5 583.0 548.4 410.4 526.3 360.0 442.8 745.3 1318.6 2495.6 2105.1 631.1 204.7 426.1 576.8 498.1 999.6 476.6 542.5 947.6 2426.6 3176.8 1921.6 1511.0 502.6 385.8 671.1 1058.2 520.0 343.1 349.8 511.8 486.3 927.4 677.4 447.4 544.8 327.8 280.0 1331.6  
395.9 510.8 1298.7 1911.6 2271.5 567.5 335.2 643.1 188.4 215.8 329.6 783.2 727.2 450.6 503.6 774.2 1663.1 2132.8 1526.5 482.5 253.7 455.9 727.2 235.2 464.1 231.1 307.9 643.2 1133.3 2487.7 2762.8 916.3 299.5 403.0 375.8 553.3 390.5 381.1 337.0 1002.0 2310.7 3423.4 2118.8 1598.1 203.7 353.3 450.5 541.6 435.1 370.1 228.0 255.0 591.0 579.0 833.5 357.0 389.5 465.6 556.3 1159.1  
765.5 713.6 1250.2 1337.2 990.5 348.2 428.0 282.0 219.6 450.9 317.0 1039.2 849.5 577.6 561.6 877.0 2073.1 1658.0 917.7 760.1 320.0 740.1 500.6 711.5 383.8 486.8 222.4 388.0 892.7 1608.0 2237.1 1194.1 801.7 400.7 663.1 499.2 499.2 408.0 1214.4 1998.5 2489.4 3328.0 2813.1 1074.8 150.2 304.5 619.5 492.9 520.8 602.1 370.8 246.7 682.5 753.2 708.7 446.7 538.1 737.7 1751.5 977.0  
1101.8 668.6 1020.7 2484.6 2871.7 1077.2 495.5 234.3 351.4 231.5 759.6 512.4 604.5 329.8 377.5 1651.9 2872.0 1127.4 483.1 354.7 501.0 907.4 257.6 370.1 620.7 571.0 111.0 391.1 627.2 1509.8 2428.0 1024.7 624.8 532.7 448.0 528.9 650.6 559.4 1081.7 1902.9 2291.4 1662.8 2989.2 681.6 427.3 270.4 623.3 383.2 568.0 528.3 488.3 292.2 666.4 476.6 733.2 583.9 737.6 822.0 1049.8 907.8  
753.1 883.7 719.0 2436.8 2204.0 869.4 506.8 260.8 468.6 321.4 355.5 663.1 623.0 448.2 1152.7 1334.2 1800.7 1163.3 430.2 705.9 838.5 707.7 302.1 739.4 873.6 471.0 110.4 492.5 500.0 1460.0 2008.6 1256.7 1138.9 873.6 364.4 627.5 573.5 678.1 1189.5 2580.7 1468.7 2061.8 3217.5 1366.6 817.0 597.2 536.1 414.7 560.6 733.1 282.6 325.1 695.9 719.2 659.3 520.1 783.2 1006.2 890.7 1239.4  
646.3 214.9 716.8 929.0 2867.1 800.0 749.1 452.1 423.7 295.7 369.3 724.1 665.8 703.5 1519.4 1643.3 2421.0 1446.4 695.3 461.9 1147.3 241.9 358.9 738.8 905.5 251.2 359.2 308.6 160.4 1702.1 2596.2 990.2 949.0 365.7 361.7 745.4 455.0 588.2 2581.6 2762.3 1101.0 2286.2 2124.9 2329.7 1572.5 1550.9 979.5 693.3 463.5 393.0 827.6 341.4 678.0 862.2 801.2 482.8 561.5 845.3 720.7 922.0  
149.5 298.6 680.3 1854.0 2537.3 1401.9 806.2 671.3 352.2 325.8 350.8 572.9 595.7 700.5 842.3 2224.1 2037.9 1463.1 558.5 387.4 275.5 572.0 215.8 723.5 686.8 502.3 424.1 423.9 477.5 1521.4 1634.4 2031.4 828.0 349.3 517.0 1123.8 775.7 926.9 1793.2 1971.2 1103.8 1044.0 872.3 1151.1 1147.8 1256.5 639.8 517.8 514.3 494.7 320.0 416.8 1005.5 781.0 392.7 461.9 780.7 478.6 743.0 307.0  
519.1 285.4 248.2 1643.2 2421.3 952.6 1153.7 1171.1 654.2 254.0 196.6 399.9 407.8 833.3 941.0 2408.4 778.8 479.3 604.2 315.0 335.5 667.0 576.8 668.9 407.9 357.2 410.2 282.4 869.7 954.0 2410.8 1034.8 914.0 432.8 539.0 1022.3 821.0 1734.1 1868.9 1004.1 504.7 830.3 1387.9 1445.0 1372.0 1676.7 847.8 1197.0 1226.1 995.4 659.7 83.2 666.6 1126.7 718.9 622.6 709.4 618.2 457.4 573.9  
460.9 75.8 509.3 1638.3 2712.8 894.3 800.6 799.9 424.4 500.5 357.0 322.3 497.9 702.8 1465.3 2732.3 1410.8 460.5 431.8 122.9 541.7 411.2 817.4 394.3 780.4 492.8 298.4 416.4 369.5 823.1 2174.0 1792.4 1961.3 403.1 436.4 889.3 778.1 1948.5 961.6 1756.2 332.5 543.5 366.0 1651.1 1346.1 2310.7 1597.8 939.5 1823.9 851.9 222.7 360.2 815.1 1051.3 882.0 245.8 335.2 400.3 410.7 729.9  
587.2 194.6 653.7 1905.1 2189.4 823.8 808.1 387.3 315.7 451.5 437.4 619.4 288.7 1082.6 872.2 2273.7 1530.1 401.7 731.3 472.9 307.4 830.9 866.4 386.2 501.0 542.9 387.8 279.7 1057.7 1594.3 2087.9 1711.2 1584.6 519.8 356.3 754.2 1684.9 2532.2 1557.9 533.7 444.2 453.8 351.0 476.5 897.9 1165.4 1084.9 1451.6 879.8 512.2 449.1 331.9 458.0 711.9 746.9 283.7 223.9 253.4 745.5 1288.4  
718.3 226.3 373.0 992.0 2036.0 1014.5 462.0 983.5 688.5 476.2 439.3 783.0 319.9 440.4 2058.3 2953.0 2107.9 468.0 445.5 341.1 481.6 752.3 754.5 463.7 517.4 415.7 496.4 953.5 566.6 870.9 2347.2 995.8 498.9 569.2 879.0 1273.4 1242.9 2199.0 731.6 422.1 297.5 409.5 469.8 484.9 880.4 1034.5 1222.1 2097.1 918.0 428.6 630.7 255.9 618.2 548.4 645.5 376.4 289.8 551.6 528.7 440.2  
595.5 485.9 601.2 1226.2 1626.5 1950.9 833.5 698.5 374.6 642.8 846.7 1048.8 306.9 348.7 2128.3 2071.5 620.5 507.2 785.8 271.8 318.5 858.1 775.4 357.2 412.2 785.7 684.4 565.5 244.7 1005.4 1997.0 1247.2 393.1 310.5 811.6 998.9 1833.6 1023.4 655.3 765.7 230.0 478.5 379.5 312.9 308.9 604.3 1223.2 2511.1 983.4 1143.5 859.6 359.5 493.3 459.2 848.1 295.4 240.0 607.3 418.2 415.7  
598.8 337.6 397.3 900.7 2185.2 2364.8 514.3 1161.0 722.7 949.4 828.4 927.4 581.5 362.0 1099.1 1646.2 1541.3 681.1 473.0 352.4 499.6 861.3 680.3 235.9 480.2 974.7 774.7 452.1 406.7 1025.7 1889.4 1817.0 1276.8 423.7 799.3 2193.3 2661.8 1440.4 392.1 398.8 457.8 409.7 709.5 716.9 502.3 479.9 1073.8 2084.3 3058.8 1225.0 844.9 519.4 188.9 352.8 505.9 668.8 435.9 612.3 476.1 265.3  
356.0 435.7 583.4 666.1 1810.6 1791.2 1647.1 1065.8 760.2 832.5 777.8 710.1 497.6 582.1 2239.8 2184.2 844.4 713.1 506.1 471.0 514.3 693.0 351.4 385.6 636.8 1112.1 758.1 375.3 387.9 1713.9 1741.4 1930.2 1115.9 272.3 1081.7 2843.6 1055.0 1048.8 717.6 678.5 429.0 714.3 561.6 477.4 813.6 438.3 1029.4 1544.1 3213.7 841.0 1144.2 468.9 221.9 289.0 503.6 499.9 389.6 338.3 409.8 620.5  
341.6 321.8 721.4 835.9 2020.3 2127.3 2509.0 1574.2 831.5 467.8 399.0 968.1 356.4 477.4 950.6 2111.5 1281.8 968.0 362.9 465.2 690.0 916.4 545.5 267.7 837.4 834.1 638.6 399.2 558.5 1164.7 2808.4 2562.3 843.7 492.3 615.9 2166.3 931.1 615.5 701.3 738.5 708.1 390.8 519.6 434.9 447.4 614.3 546.5 996.2 2401.2 1604.2 2039.0 778.8 300.2 201.5 361.8 772.3 517.4 559.1 323.0 340.1  
507.4 413.3 893.0 717.4 956.7 2348.2 2251.8 934.4 1073.1 590.6 977.9 573.8 665.0 733.2 680.4 3101.2 1784.3 1023.5 963.7 701.0 849.6 903.1 534.9 447.0 720.7 616.2 663.2 548.6 532.7 1400.2 1914.8 2048.6 945.2 578.6 1015.0 2787.8 856.4 441.7 439.3 490.7 729.5 595.9 644.8 723.4 486.8 604.2 465.3 1212.0 1689.6 1552.1 649.5 706.8 470.3 424.1 446.6 453.6 660.7 234.6 429.6 179.4  
424.2 507.3 387.1 602.9 450.5 1801.0 2550.1 1688.7 1031.3 461.6 554.1 555.3 504.5 1060.3 529.8 2745.0 1211.4 1039.5 947.5 272.8 575.8 332.5 428.9 619.0 508.1 760.7 366.0 424.3 355.4 1298.3 2601.1 999.4 1208.3 889.3 916.1 2790.3 709.8 754.3 478.9 297.9 610.6 1097.6 408.5 708.2 539.3 483.7 459.6 463.0 973.3 1777.0 1295.2 579.2 535.4 514.3 713.9 546.1 135.8 375.0 575.4 444.2  
578.1 289.3 411.7 564.7 537.0 1692.4 3500.0 1588.4 1258.9 871.5 504.0 830.6 673.5 1072.3 981.1 2096.9 1535.9 768.3 1059.0 847.2 795.6 374.8 405.4 563.6 740.5 410.4 569.9 635.8 406.1 1215.9 2042.7 1742.5 688.9 1201.0 2212.0 2414.9 557.7 664.5 553.7 389.7 672.0 589.5 1059.4 521.7 595.2 666.3 395.8 647.8 1926.8 1596.3 1018.4 518.6 816.4 828.3 532.7 499.3 574.4 437.2 384.9 755.0  
213.9 315.1 863.3 548.8 515.8 762.7 3186.0 1875.3 2037.5 1210.5 390.8 587.4 476.3 1062.2 884.2 1757.7 2165.8 1278.7 710.3 759.4 373.1 518.1 383.1 400.5 848.6 471.1 574.6 390.1 486.9 544.6 1522.3 1024.2 937.1 611.5 1610.5 1359.5 788.6 1003.0 563.3 179.4 391.5 680.5 714.2 801.6 908.6 658.7 337.9 395.2 1308.1 1868.5 1336.0 1522.5 1170.4 1153.3 460.0 390.0 385.5 567.8 760.7 577.2  
855.3 484.4 344.5 275.5 543.8 1630.5 1749.5 2668.4 2942.4 1365.2 1186.9 413.4 321.7 361.1 443.8 1283.3 2006.3 1060.8 542.2 430.9 212.5 465.8 436.6 394.7 869.3 916.8 588.9 332.2 576.5 816.6 965.8 1200.3 1058.8 1871.5 2604.3 1468.1 690.4 1042.4 625.5 305.6 515.7 610.1 597.8 137.4 533.6 308.0 263.0 226.0 612.5 684.7 965.6 1701.9 1612.0 1213.4 880.6 705.9 421.4 589.8 1187.2 469.5  
769.2 559.8 406.0 380.7 758.5 1548.4 1583.1 1901.2 1792.8 1541.3 952.9 670.0 401.5 237.3 298.8 1566.1 2316.9 952.0 456.8 248.7 249.7 408.3 168.2 854.8 1054.9 728.2 649.1 510.3 253.3 908.7 1727.4 1165.7 1589.6 1853.2 2152.9 1125.5 744.6 820.2 689.1 709.0 463.2 524.5 449.5 1215.2 388.6 285.8 294.5 329.7 778.9 871.6 1564.6 1620.2 1562.1 1859.3 440.4 699.3 717.9 657.7 541.0 338.4  
878.7 396.4 426.0 453.4 818.3 775.4 2012.3 1015.5 2095.7 1938.9 489.0 1523.1 442.7 158.8 768.7 1002.9 2130.6 2091.2 323.0 337.2 512.5 672.0 594.2 575.1 811.0 1034.3 1082.3 645.7 419.0 1346.2 1395.5 2313.8 1021.9 2689.5 1590.5 497.5 714.0 613.9 314.7 526.9 314.4 272.6 324.3 441.5 554.0 319.7 558.9 611.3 372.1 443.2 1368.6 844.0 1695.2 1391.1 1735.3 920.8 1521.2 711.8 1719.1 1530.0  
247.5 641.1 364.6 747.0 1291.1 1725.3 2497.9 818.0 850.1 2343.5 2446.4 870.4 347.2 217.1 494.1 1225.3 1313.3 1903.5 579.3 194.5 304.9 647.1 489.1 731.9 630.0 843.8 631.0 462.5 670.3 762.0 1008.4 2287.2 622.6 1053.0 1764.7 683.6 573.0 233.1 425.6 896.9 570.6 290.0 356.8 1167.8 1095.9 664.7 486.4 487.2 297.3 751.1 741.9 1347.9 1215.6 1607.1 1555.8 1678.0 1592.9 681.2 848.0 1944.9  
322.5 639.8 543.4 914.4 1490.6 2762.5 1712.1 1101.6 452.6 1361.1 1577.8 1472.1 1734.6 432.0 675.4 1525.2 1240.0 1554.4 308.9 205.5 260.0 409.0 602.1 605.6 896.0 515.6 467.0 298.9 1078.6 440.9 2159.8 1952.3 1567.6 1817.0 1789.3 974.1 398.2 264.1 512.3 592.7 238.0 604.2 258.4 465.8 1003.3 910.9 548.1 310.1 476.6 522.2 547.8 1131.4 1679.4 1121.8 923.5 2380.2 1004.9 802.2 1501.7 1705.7  
527.1 701.2 597.7 779.3 851.3 2733.7 2328.9 975.3 451.7 713.7 1501.2 1176.8 1980.6 1053.9 1073.9 610.1 1703.4 899.0 881.6 532.6 269.5 257.1 321.1 741.6 437.7 371.2 349.7 930.9 885.5 1246.5 1548.1 2007.3 1546.4 1312.9 2185.2 781.3 340.1 410.1 482.3 561.7 458.6 715.9 143.5 665.7 528.5 873.7 435.4 862.1 464.6 383.5 492.1 594.7 715.9 1263.5 1363.2 2287.2 2396.3 2788.1 3268.2 983.2  
960.2 510.1 869.7 498.7 1392.6 2387.0 2032.9 810.1 364.5 831.1 961.4 1197.3 1594.2 1564.3 1628.4 950.1 1778.9 1677.0 1087.0 581.5 756.5 453.6 600.8 707.4 350.8 199.8 313.5 907.8 302.3 624.5 2333.5 2205.6 1598.1 1095.7 2298.1 658.3 378.1 665.9 731.2 530.6 566.5 592.2 400.9 265.2 372.6 1234.3 605.4 989.6 378.5 147.5 471.1 300.4 660.6 1125.2 1004.5 752.5 3180.9 3202.4 2415.7 543.2  
709.1 923.3 605.8 392.1 1337.5 1958.8 1581.8 597.3 371.7 821.1 735.1 691.6 1164.1 1987.7 890.5 994.8 2652.4 928.2 1480.7 646.9 418.9 539.8 433.6 1110.7 515.2 522.4 326.4 517.7 198.5 666.9 1009.6 2702.0 1118.4 1950.2 2703.2 718.2 456.3 624.2 437.2 304.0 518.1 654.1 398.7 429.5 431.3 567.3 437.6 956.6 695.7 447.9 559.6 1055.5 859.3 534.2 982.7 749.2 3500.0 3500.0 2022.1 1847.2  
495.9 747.0 581.5 895.2 1540.4 3098.6 705.1 438.0 463.5 816.8 567.2 333.3 712.2 2347.3 2522.4 861.3 1859.3 1597.2 856.9 797.5 229.7 528.8 413.3 481.1 600.2 413.7 564.2 277.9 339.2 678.5 912.8 1398.5 1940.9 2262.3 2449.9 438.2 510.3 553.9 539.7 284.9 411.8 952.6 740.5 896.2 295.5 213.0 322.0 708.6 408.5 528.4 218.9 898.0 489.1 1317.2 1181.7 1990.1 2855.9 2883.7 1642.1 1524.1  
470.2 955.2 679.0 1371.1 2075.2 1170.5 1527.1 238.9 434.8 480.9 166.2 389.6 1135.0 1769.7 1655.4 1676.9 2110.9 1648.6 500.9 561.8 454.9 307.4 641.0 875.9 704.6 392.6 542.0 386.6 205.3 632.2 1517.5 1504.4 2225.3 772.9 1902.6 1392.1 398.6 473.3 388.7 559.0 452.1 749.3 875.8 814.4 521.7 462.5 309.0 369.3 823.7 396.1 253.0 797.9 845.6 932.6 1663.6 1135.6 2692.6 1596.5 2368.1 1407.8  
306.2 671.2 1437.5 1633.4 1568.9 1705.9 989.6 373.0 505.9 657.5 457.9 462.8 822.9 909.2 1506.5 2641.7 3500.0 1500.3 490.7 645.4 615.0 420.9 494.5 791.8 664.5 388.3 361.5 323.2 282.1 594.3 850.1 947.7 2360.5 1796.6 2038.9 1183.5 740.3 721.7 1011.1 367.6 517.4 324.3 502.8 715.5 199.3 133.2 525.1 942.5 1406.8 791.7 1146.8 1831.8 972.6 1395.6 621.1 1542.6 810.0 820.8 981.5 1444.9  
308.2 956.2 1514.7 1309.7 2278.8 985.6 1074.6 252.7 376.3 792.5 574.0 760.2 1034.2 610.2 970.3 2135.6 3500.0 962.4 1074.0 570.1 847.8 496.3 305.6 664.5 1167.9 463.4 489.2 574.4 300.6 693.5 961.1 1555.2 2391.3 2582.0 3329.2 1575.1 494.8 833.6 956.3 480.4 243.0 217.4 557.6 497.3 242.1 377.5 1204.0 925.0 733.6 705.4 1574.5 1548.6 624.2 1561.7 1582.3 1883.7 684.3 970.2 2129.3 1958.7  
214.7 502.3 1490.4 2052.2 781.0 1089.8 790.7 216.2 301.2 705.1 953.0 466.6 439.6 721.7 952.4 2363.6 3500.0 2103.6 1517.0 812.6 935.4 541.2 492.0 507.1 434.4 528.7 585.6 582.8 351.0 368.6 373.9 643.1 1335.8 2039.6 2997.1 1683.1 445.3 476.7 1161.6 307.1 208.2 357.2 736.1 472.2 776.6 753.0 1628.5 1526.8 2057.4 1095.0 1184.5 877.2 1098.0 960.4 611.8 660.0 472.3 498.1 1873.5 1968.7  
366.5 867.9 2521.2 2297.4 1079.5 660.6 479.9 250.5 330.1 751.1 747.6 312.3 361.0 430.8 713.4 1652.7 3124.3 2257.0 1602.8 716.6 824.0 329.2 560.3 324.6 678.1 267.3 490.6 701.8 348.3 277.5 326.4 542.3 1501.0 3114.8 3500.0 2039.1 923.5 345.8 769.4 631.1 345.8 432.1 741.0 515.5 1019.4 699.4 1761.7 1638.3 1079.7 1428.6 1277.6 1193.3 1530.5 926.1 773.2 305.3 687.8 600.0 970.1 2220.1  
512.6 986.6 3500.0 1764.3 596.4 553.1 276.7 202.5 336.5 343.0 263.8 241.3 772.5 692.1 1505.6 1847.0 1507.0 2769.8 1645.3 2283.0 904.9 411.7 479.6 259.2 550.9 203.6 400.3 421.9 523.1 176.9 249.6 645.7 1632.6 2390.0 2404.4 3083.6 804.9 661.8 473.5 792.6 348.8 673.2 1290.9 805.3 1274.7 1327.6 2103.2 2029.5 1169.1 1009.7 906.8 982.5 1177.7 745.9 309.6 273.4 641.4 710.1 1366.0 2381.3  
373.4 1899.0 3500.0 1163.7 544.3 360.3 381.0 445.8 513.9 336.5 363.2 462.8 1035.9 820.4 2793.8 812.0 836.8 466.6 1736.9 1882.0 790.5 819.1 567.6 610.8 826.3 591.2 354.4 608.5 689.0 416.3 434.3 745.7 826.0 1771.5 2260.1 2857.4 1653.7 581.4 455.6 611.1 301.1 1282.4 1271.0 1357.3 1642.1 899.3 1152.3 1543.1 677.4 992.3 802.2 752.7 650.9 440.7 467.7 272.8 870.5 1174.8 1444.5 1596.1  
477.8 2441.4 2184.9 847.2 557.9 557.5 546.3 268.1 541.6 396.4 334.6 404.3 909.4 1397.8 1771.0 1722.9 958.6 956.8 735.0 1503.2 1529.1 697.0 494.4 520.5 410.3 704.5 448.7 680.2 544.0 976.7 190.0 718.5 1215.1 1525.6 3500.0 2989.6 1130.1 707.0 481.1 361.8 468.8 1758.0 1973.8 1605.7 1923.7 670.2 828.3 655.4 910.0 655.5 678.8 585.2 716.7 318.6 457.8 495.3 530.1 694.5 736.0 2142.0  
1060.3 1949.8 2207.2 821.2 363.7 1163.6 773.4 177.9 632.7 382.8 379.2 702.7 1133.3 1584.3 2161.5 1009.5 859.3 416.0 1096.3 1656.3 1737.8 890.5 444.4 363.4 710.7 721.2 528.7 223.6 310.2 801.3 365.0 283.8 408.1 1801.1 3133.4 2701.1 1523.7 810.8 308.2 167.6 515.1 1192.8 1582.6 1115.0 1297.9 1184.5 700.0 1195.5 696.7 414.6 475.6 769.8 275.5 693.4 796.3 533.9 532.8 694.3 933.2 1992.7  
1027.9 2007.3 1853.9 714.7 649.6 1291.4 712.2 251.5 221.5 470.8 308.3 755.0 1540.2 2056.5 1477.5 928.7 455.3 205.9 432.4 1036.3 2740.6 1218.1 925.0 389.2 762.9 556.1 279.2 397.3 583.3 716.3 378.5 272.9 589.3 716.2 2631.7 3214.2 1219.7 1019.9 227.3 287.8 1024.0 1080.1 2550.0 1088.2 785.4 874.0 400.7 611.7 1136.4 543.4 527.3 541.8 512.2 367.4 649.4 544.0 522.1 102.3 1047.7 1927.4  
602.4 2962.3 996.8 152.5 681.5 976.7 718.2 161.0 120.8 314.1 724.2 1576.9 1525.5 1879.9 898.7 946.6 284.7 200.2 431.7 812.5 2565.4 2020.6 1115.2 856.3 718.5 516.9 395.2 682.5 447.0 1011.5 504.2 708.8 448.7 698.4 2219.8 2889.8 3038.0 646.0 216.0 441.2 1148.7 1508.0 2575.5 1413.2 1352.3 715.7 394.6 736.0 427.4 631.6 242.9 760.6 564.0 368.9 651.6 920.0 365.5 101.3 966.5 1947.2  
1806.6 2770.5 1070.1 219.2 455.8 943.1 979.1 531.4 366.1 561.9 913.2 1546.1 1976.0 2006.5 1093.4 967.8 210.3 193.3 201.2 497.8 2180.7 2031.2 1470.1 889.9 414.8 301.7 544.8 763.4 605.0 635.6 249.4 338.0 493.4 586.1 2242.2 3319.8 3325.2 639.8 507.7 372.1 1729.8 1932.7 3270.5 940.6 661.1 365.4 192.4 680.0 860.2 1014.5 825.2 627.0 511.6 606.9 673.9 738.3 486.1 288.5 971.8 833.0  
961.9 3373.0 967.1 340.2 250.8 478.9 493.5 767.2 338.0 497.4 1031.1 662.3 2607.8 1021.0 710.6 713.5 233.0 507.7 245.0 758.2 768.5 2987.9 1911.0 1532.2 469.2 409.0 522.3 1372.3 480.6 299.0 432.5 389.8 286.1 900.6 1461.3 3500.0 2396.1 856.8 521.8 786.2 732.0 2043.5 1744.9 1104.9 496.0 239.3 286.7 544.2 415.3 999.7 165.6 232.0 487.9 946.6 413.8 505.4 637.4 544.5 1752.7 1662.9  
2121.4 2902.3 1721.0 511.5 266.5 454.4 571.0 689.0 534.8 1291.5 934.2 2199.5 2525.7 1148.5 529.8 543.1 472.7 383.6 526.9 730.7 1170.8 1840.0 1810.3 958.4 556.2 446.5 321.3 569.3 331.8 566.7 515.5 249.3 754.9 653.0 2228.2 2675.5 3500.0 1128.0 716.7 450.1 1289.4 2431.0 1252.3 635.0 544.5 554.5 103.6 668.3 359.8 644.2 209.6 231.7 750.0 679.6 654.7 299.7 424.3 535.6 1676.8 2306.1  
1106.3 2540.3 1161.8 704.7 524.2 445.2 804.1 1331.7 756.7 494.7 1227.9 2049.4 1010.0 500.9 357.5 470.1 407.6 496.7 507.3 703.9 1187.7 2220.5 1957.2 1366.7 495.3 273.6 749.7 345.0 443.4 374.1 669.6 439.2 337.1 1578.5 1915.4 3341.8 2043.9 1775.1 1252.1 605.8 1350.8 2581.7 1113.1 467.5 432.8 373.7 290.8 432.2 532.0 331.5 197.0 409.3 1005.7 1114.9 373.0 269.7 721.6 1788.4 2457.1 1915.4  
1444.9 2105.6 948.9 898.3 851.1 509.2 534.3 955.7 594.2 1041.6 2716.9 2500.6 811.1 471.3 664.2 451.3 702.0 510.2 742.8 842.7 536.8 1866.6 2709.3 1067.3 686.3 225.1 520.3 533.3 908.6 575.4 268.7 444.9 361.3 828.5 1154.6 3025.8 1692.7 1408.4 1524.9 774.3 1615.6 2209.0 2113.8 317.8 607.9 498.5 431.1 387.6 446.0 340.2 401.1 609.2 977.9 650.7 509.3 441.7 619.2 1138.1 1655.1 1698.8  
1716.3 2994.1 1368.6 1111.1 1045.4 397.8 233.9 402.4 642.7 1113.8 2431.8 1591.0 379.1 389.6 402.8 481.8 544.8 674.0 260.9 846.2 718.8 1302.6 2750.4 1530.0 368.6 201.2 635.0 736.0 818.9 519.9 375.3 248.4 318.6 1314.6 2192.1 1710.8 1219.9 1749.1 861.3 1192.4 1359.6 1261.3 1672.0 972.9 624.4 359.8 302.5 273.1 492.6 527.7 584.5 441.7 492.8 713.4 225.0 158.9 950.5 1449.7 1872.0 1606.8  
1183.4 2845.5 604.8 1139.3 582.7 695.5 440.2 427.7 471.2 1084.5 2034.4 1044.4 783.7 482.4 336.3 430.9 403.7 377.3 602.2 856.8 799.2 871.9 1854.3 446.5 369.0 152.1 886.4 659.8 896.2 547.8 545.6 200.2 475.5 1534.3 1327.2 1917.8 646.3 1602.4 1549.8 816.4 1304.4 2376.8 2070.7 1478.3 503.5 573.4 298.0 325.8 484.4 716.6 837.5 313.3 593.9 434.2 276.6 240.3 544.8 796.6 2121.0 1198.4  
1532.0 2058.8 1539.8 459.1 723.0 1420.5 512.7 286.0 603.8 732.7 1921.1 905.7 453.0 554.6 457.8 499.4 332.1 677.5 468.2 657.2 697.4 981.8 2663.1 1862.3 741.4 213.4 311.5 795.9 740.9 201.0 333.2 454.2 903.8 2733.7 1900.3 567.5 1033.8 1646.2 2025.6 590.0 1379.0 2368.6 1787.4 770.6 767.0 441.9 161.2 263.6 869.6 440.7 474.3 214.0 647.4 643.3 307.9 563.3 605.0 1088.4 1946.2 1598.8  
1147.3 2271.5 987.0 655.7 668.1 1038.3 553.1 280.9 886.0 1521.2 1214.1 371.2 561.4 511.4 643.0 778.1 254.8 532.4 368.1 468.2 623.4 988.8 2859.5 1169.4 480.7 217.9 722.1 870.3 890.2 333.3 412.2 538.1 1312.3 2845.9 1539.8 583.9 867.0 832.8 2692.7 1516.3 639.6 1452.7 1884.8 1401.3 876.9 330.9 334.5 434.8 504.9 333.6 201.9 592.0 617.6 568.1 259.4 582.3 869.0 1095.8 1109.2 1842.5  
2106.2 1890.0 826.0 527.0 508.5 689.1 656.9 439.3 1293.3 1875.3 714.6 690.7 659.3 586.4 458.0 591.4 448.9 462.8 252.3 258.9 483.8 1565.4 1848.5 1499.9 391.5 595.0 551.9 561.1 345.9 518.5 614.1 1023.8 1812.4 1762.8 1629.8 1018.6 546.9 629.8 1838.2 1591.7 1506.6 1753.0 1983.0 1429.8 562.4 298.2 263.6 620.9 421.6 173.5 251.0 338.3 510.1 1354.7 624.5 442.2 370.5 698.7 1430.2 2460.3  
2142.4 2438.5 908.6 214.2 275.7 669.1 430.9 336.5 895.1 2452.6 1509.6 678.6 665.9 607.5 647.1 277.1 475.4 341.0 270.9 275.5 765.8 1372.3 2094.0 1167.1 746.1 475.4 538.0 348.2 526.5 648.9 822.3 1493.4 1822.8 1275.6 1113.5 323.8 203.2 670.4 1517.1 1886.4 1509.4 1507.7 1160.8 770.3 909.4 310.2 488.5 812.3 549.3 316.3 364.2 485.9 667.6 317.5 195.8 199.6 305.1 1085.4 1388.9 2271.8  
2650.1 1899.4 1540.6 171.8 412.1 845.6 624.5 606.1 1380.8 2465.6 1531.8 847.1 796.5 796.6 564.3 148.3 337.8 491.6 274.9 243.7 926.0 1890.9 2283.6 941.6 789.5 540.8 366.9 382.1 583.1 1106.6 1720.7 1642.3 846.7 1041.7 790.7 300.5 330.7 463.7 1684.5 1881.1 1531.6 1762.0 1523.3 1330.8 587.1 408.3 458.3 899.1 1032.6 386.5 365.7 208.9 301.8 551.3 127.5 265.6 649.4 508.9 1701.6 2446.1  
1992.5 1818.8 1300.6 486.1 339.7 461.3 349.3 384.2 1275.6 1637.3 1176.5 862.9 525.3 416.0 967.9 474.0 253.6 411.4 482.2 956.6 1132.7 970.8 1881.2 927.4 596.9 626.3 576.4 694.2 764.2 1473.8 1941.1 1788.0 951.6 796.5 540.6 616.9 130.5 397.7 1576.5 1504.6 1913.0 2008.5 1826.2 1671.7 549.8 229.8 471.3 491.3 863.5 1150.6 387.2 399.0 500.6 372.3 713.7 342.7 344.6 710.0 1435.6 1693.0  
906.9 2190.8 2269.9 474.9 505.3 461.7 1127.6 505.1 1607.4 2533.2 1731.4 448.2 391.4 443.9 1033.9 220.3 225.1 360.7 476.6 513.8 894.7 1740.1 1714.0 1210.1 587.3 591.7 639.2 412.4 1262.8 1076.6 1635.5 1577.9 1021.5 369.4 546.7 266.4 402.7 327.9 1084.1 1828.7 2012.9 2459.3 2670.5 1827.5 791.5 404.1 317.8 660.4 689.8 774.2 363.3 120.8 534.8 455.0 1022.5 227.9 380.7 798.0 1466.3 2124.8  
999.0 986.1 1811.1 1388.6 659.9 505.0 774.2 757.2 1264.0 1637.6 1721.5 661.2 465.5 428.9 555.3 396.7 289.6 455.6 664.3 381.9 1554.7 2098.1 1855.0 1118.5 653.8 457.8 994.2 1204.1 1377.9 1921.8 2074.6 995.0 894.0 451.5 439.9 270.5 332.9 646.1 1181.3 1589.6 2729.5 1210.9 2761.2 1173.1 1072.7 316.3 624.9 401.1 616.1 663.8 850.0 108.2 274.7 514.2 1127.0 367.6 243.7 662.0 1384.2 1091.4  
1369.2 1664.9 1821.4 868.9 652.0 675.2 345.2 885.6 850.8 2510.0 1207.0 733.7 307.2 385.7 354.4 400.8 427.6 762.2 503.1 284.5 1671.5 2010.1 961.8 840.7 326.6 564.3 950.8 1552.4 1342.5 1597.3 1893.2 336.2 653.5 1047.3 816.1 394.2 283.8 585.1 1006.0 2110.6 2230.2 1921.4 2473.0 1510.9 830.8 577.5 289.8 563.9 680.4 510.3 529.1 401.3 499.5 481.6 630.7 357.9 375.1 514.5 1073.7 1067.8  
663.5 946.6 2250.5 841.8 1021.3 475.5 303.2 314.6 1171.8 2667.7 1988.0 1526.8 304.8 480.5 422.2 323.1 397.6 565.2 317.1 518.0 731.8 2754.7 1729.8 1028.6 560.6 518.8 963.7 664.2 1602.4 866.9 1360.8 487.4 550.3 561.7 469.3 362.0 421.7 699.6 1417.8 3276.5 2296.5 3053.5 1369.7 1560.1 860.4 480.4 374.5 744.2 511.3 538.8 456.0 667.4 810.5 733.2 349.9 720.1 847.4 574.9 791.2 1066.7  
687.1 549.3 2169.9 1653.6 925.8 382.6 309.8 256.9 1056.3 868.6 2271.1 1393.4 528.5 600.5 563.8 495.5 657.0 341.9 542.3 355.8 1673.6 2047.1 778.1 1112.3 410.6 340.3 509.6 2379.2 2077.0 1410.9 767.6 725.8 326.0 648.1 793.0 738.1 728.7 839.5 790.6 3500.0 3500.0 1824.0 950.6 350.5 482.9 301.7 187.2 441.7 343.0 165.9 236.1 729.1 1111.8 560.4 629.4 942.4 839.7 907.8 659.7 369.6  
366.2 531.4 1143.7 1795.1 1524.5 816.7 259.7 298.6 797.8 2283.4 2091.0 848.7 920.2 908.6 1164.8 608.1 501.7 253.0 706.4 942.2 2647.4 1710.3 1098.5 917.4 882.7 652.6 1902.5 1644.5 1517.0 492.6 1346.1 847.1 375.1 556.2 836.9 527.4 822.2 1388.9 2034.0 2187.8 2927.3 1563.7 426.8 257.5 506.0 155.3 235.4 298.9 387.6 361.4 468.7 582.1 955.4 388.6 344.0 780.4 1059.6 1555.9 763.4 721.1  
/


ACTNUM
0 0 0 0 0 0 0 0 0 0 0 0 0 0 0 0 0 0 0 0 0 0 0 0 0 0 0 0 0 0 0 0 0 0 0 0 0 0 0 0 0 0 0 0 0 0 0 0 0 0 0 0 0 0 0 0 0 0 0 0  
0 0 0 0 0 0 0 0 0 0 0 0 0 0 0 0 0 0 0 0 1 1 1 1 1 1 1 1 1 1 1 1 1 1 1 1 1 1 1 1 1 1 1 1 1 1 0 0 0 0 0 0 0 0 0 0 0 0 0 0  
0 0 0 0 0 0 0 0 0 0 0 0 0 0 0 0 0 1 1 1 1 1 1 1 1 1 1 1 1 1 1 1 1 1 1 1 1 1 1 1 1 1 1 1 1 1 1 1 1 1 1 0 0 0 0 0 0 0 0 0  
0 0 0 0 0 0 0 0 0 0 0 0 0 0 0 1 1 1 1 1 1 1 1 1 1 1 1 1 1 1 1 1 1 1 1 1 1 1 1 1 1 1 1 1 1 1 1 1 1 1 1 1 1 1 0 0 0 0 0 0  
0 0 0 0 0 0 0 0 0 0 0 0 0 1 1 1 1 1 1 1 1 1 1 1 1 1 1 1 1 1 1 1 1 1 1 1 1 1 1 1 1 1 1 1 1 1 1 1 1 1 1 1 1 1 1 1 0 0 0 0  
0 0 0 0 0 0 0 0 0 0 0 1 1 1 1 1 1 1 1 1 1 1 1 1 1 1 1 1 1 1 1 1 1 1 1 1 1 1 1 1 1 1 1 1 1 1 1 1 1 1 1 1 1 1 1 1 1 0 0 0  
0 0 0 0 0 0 0 0 0 1 1 1 1 1 1 1 1 1 1 1 1 1 1 1 1 1 1 1 1 1 1 1 1 1 1 1 1 1 1 1 1 1 1 1 1 1 1 1 1 1 1 1 1 1 1 1 1 1 0 0  
0 0 0 0 0 0 0 0 1 1 1 1 1 1 1 1 1 1 1 1 1 1 1 1 1 1 1 1 1 1 1 1 1 1 1 1 1 1 1 1 1 1 1 1 1 1 1 1 1 1 1 1 1 1 1 1 1 1 0 0  
0 0 0 0 0 0 0 1 1 1 1 1 1 1 1 1 1 1 1 1 1 1 1 1 1 1 1 1 1 1 1 1 1 1 1 1 1 1 1 1 1 1 1 1 1 1 1 1 1 1 1 1 1 1 1 1 1 1 1 0  
0 0 0 0 0 0 1 1 1 1 1 1 1 1 1 1 1 1 1 1 1 1 1 1 1 1 1 1 1 1 1 1 1 1 1 1 1 1 1 1 1 1 1 1 1 1 1 1 1 1 1 1 1 1 1 1 1 1 1 0  
0 0 0 0 0 1 1 1 1 1 1 1 1 1 1 1 1 1 1 1 1 1 1 1 1 1 1 1 1 1 1 1 1 1 1 1 1 1 1 1 1 1 1 1 1 1 1 1 1 1 1 1 1 1 1 1 1 1 1 0  
0 0 0 0 0 1 1 1 1 1 1 1 1 1 1 1 1 1 1 1 1 1 1 1 1 1 1 1 1 1 1 1 1 1 1 1 1 1 1 1 1 1 1 1 1 1 1 1 1 1 1 1 1 1 1 1 1 1 1 0  
0 0 0 0 1 1 1 1 1 1 1 1 1 1 1 1 1 1 1 1 1 1 1 1 1 1 1 1 1 1 1 1 1 1 1 1 1 1 1 1 1 1 1 1 1 1 1 1 1 1 1 1 1 1 1 1 1 1 0 0  
0 0 0 0 1 1 1 1 1 1 1 1 1 1 1 1 1 1 1 1 1 1 1 1 1 1 1 1 1 1 1 1 1 1 1 1 1 1 1 1 1 1 1 1 1 1 1 1 1 1 1 1 1 1 1 1 1 1 0 0  
0 0 0 0 1 1 1 1 1 1 1 1 1 1 1 1 1 1 1 1 1 1 1 1 1 1 1 1 1 1 1 1 1 1 1 1 1 1 1 1 1 1 1 1 1 1 1 1 1 1 1 1 1 1 1 1 1 1 0 0  
0 0 0 1 1 1 1 1 1 1 1 1 1 1 1 1 1 1 1 1 1 1 1 1 1 1 1 1 1 1 1 1 1 1 1 1 1 1 1 1 1 1 1 1 1 1 1 1 1 1 1 1 1 1 1 1 1 1 0 0  
0 0 0 1 1 1 1 1 1 1 1 1 1 1 1 1 1 1 1 1 1 1 1 1 1 1 1 1 1 1 1 1 1 1 1 1 1 1 1 1 1 1 1 1 1 1 1 1 1 1 1 1 1 1 1 1 1 1 0 0  
0 0 0 1 1 1 1 1 1 1 1 1 1 1 1 1 1 1 1 1 1 1 1 1 1 1 1 1 1 1 1 1 1 1 1 1 1 1 1 1 1 1 1 1 1 1 1 1 1 1 1 1 1 1 1 1 1 0 0 0  
0 0 0 1 1 1 1 1 1 1 1 1 1 1 1 1 1 1 1 1 1 1 1 1 1 1 1 1 1 1 1 1 1 1 1 1 1 1 1 1 1 1 1 1 1 1 1 1 1 1 1 1 1 1 1 1 1 0 0 0  
0 0 0 1 1 1 1 1 1 1 1 1 1 1 1 1 1 1 1 1 1 1 1 1 1 1 1 1 1 1 1 1 1 1 1 1 1 1 1 1 1 1 1 1 1 1 1 1 1 1 1 1 1 1 1 1 0 0 0 0  
0 0 0 1 1 1 1 1 1 1 1 1 1 1 1 1 1 1 1 1 1 1 1 1 1 1 1 1 1 1 1 1 1 1 1 1 1 1 1 1 1 1 1 1 1 1 1 1 1 1 1 1 1 1 1 1 0 0 0 0  
0 0 1 1 1 1 1 1 1 1 1 1 1 1 1 1 1 1 1 1 1 1 1 1 1 1 1 1 1 1 1 1 1 1 1 1 1 1 1 1 1 1 1 1 1 1 1 1 1 1 1 1 1 1 1 0 0 0 0 0  
0 0 1 1 1 1 1 1 1 1 1 1 1 1 1 1 1 1 1 1 1 1 1 1 1 1 1 1 1 1 1 1 1 1 1 1 1 1 1 1 1 1 1 1 1 1 1 1 1 1 1 1 1 1 1 0 0 0 0 0  
0 0 1 1 1 1 1 1 1 1 1 1 1 1 1 1 1 1 1 1 1 1 1 1 1 1 1 1 1 1 1 1 1 1 1 1 1 1 1 1 1 1 1 1 1 1 1 1 1 1 1 1 1 1 1 0 0 0 0 0  
0 0 1 1 1 1 1 1 1 1 1 1 1 1 1 1 1 1 1 1 1 1 1 1 1 1 1 1 1 1 1 1 1 1 1 1 1 1 1 1 1 1 1 1 1 1 1 1 1 1 1 1 1 1 0 0 0 0 0 0  
0 0 1 1 1 1 1 1 1 1 1 1 1 1 1 1 1 1 1 1 1 1 1 1 1 1 1 1 1 1 1 1 1 1 1 1 1 1 1 1 1 1 1 1 1 1 1 1 1 1 1 1 1 1 0 0 0 0 0 0  
0 1 1 1 1 1 1 1 1 1 1 1 1 1 1 1 1 1 1 1 1 1 1 1 1 1 1 1 1 1 1 1 1 1 1 1 1 1 1 1 1 1 1 1 1 1 1 1 1 1 1 1 1 1 0 0 0 0 0 0  
0 1 1 1 1 1 1 1 1 1 1 1 1 1 1 1 1 1 1 1 1 1 1 1 1 1 1 1 1 1 1 1 1 1 1 1 1 1 1 1 1 1 1 1 1 1 1 1 1 1 1 1 1 0 0 0 0 0 0 0  
0 1 1 1 1 1 1 1 1 1 1 1 1 1 1 1 1 1 1 1 1 1 1 1 1 1 1 1 1 1 1 1 1 1 1 1 1 1 1 1 1 1 1 1 1 1 1 1 1 1 1 1 1 0 0 0 0 0 0 0  
0 1 1 1 1 1 1 1 1 1 1 1 1 1 1 1 1 1 1 1 1 1 1 1 1 1 1 1 1 1 1 1 1 1 1 1 1 1 1 1 1 1 1 1 1 1 1 1 1 1 1 1 0 0 0 0 0 0 0 0  
0 1 1 1 1 1 1 1 1 1 1 1 1 1 1 1 1 1 1 1 1 1 1 1 1 1 1 1 1 1 1 1 1 1 1 1 1 1 1 1 1 1 1 1 1 1 1 1 1 1 1 1 0 0 0 0 0 0 0 0  
0 1 1 1 1 1 1 1 1 1 1 1 1 1 1 1 1 1 1 1 1 1 1 1 1 1 1 1 1 1 1 1 1 1 1 1 1 1 1 1 1 1 1 1 1 1 1 1 1 1 1 0 0 0 0 0 0 0 0 0  
0 1 1 1 1 1 1 1 1 1 1 1 1 1 1 1 1 1 1 1 1 1 1 1 1 1 1 1 1 1 1 1 1 1 1 1 1 1 1 1 1 1 1 1 1 1 1 1 1 1 1 0 0 0 0 0 0 0 0 0  
0 1 1 1 1 1 1 1 1 1 1 1 1 1 1 1 1 1 1 1 1 1 1 1 1 1 1 1 1 1 1 1 1 1 1 1 1 1 1 1 1 1 1 1 1 1 1 1 1 1 0 0 0 0 0 0 0 0 0 0  
0 1 1 1 1 1 1 1 1 1 1 1 1 1 1 1 1 1 1 1 1 1 1 1 1 1 1 1 1 1 1 1 1 1 1 1 1 1 1 1 1 1 1 1 1 1 1 1 1 1 0 0 0 0 0 0 0 0 0 0  
0 1 1 1 1 1 1 1 1 1 1 1 1 1 1 1 1 1 1 1 1 1 1 1 1 1 1 1 1 1 1 1 1 1 1 1 1 1 1 1 1 1 1 1 1 1 1 1 1 0 0 0 0 0 0 0 0 0 0 0  
0 1 1 1 1 1 1 1 1 1 1 1 1 1 1 1 1 1 1 1 1 1 1 1 1 1 1 1 1 1 1 1 1 1 1 1 1 1 1 1 1 1 1 1 1 1 1 1 0 0 0 0 0 0 0 0 0 0 0 0  
0 1 1 1 1 1 1 1 1 1 1 1 1 1 1 1 1 1 1 1 1 1 1 1 1 1 1 1 1 1 1 1 1 1 1 1 1 1 1 1 1 1 1 1 1 1 1 1 0 0 0 0 0 0 0 0 0 0 0 0  
0 1 1 1 1 1 1 1 1 1 1 1 1 1 1 1 1 1 1 1 1 1 1 1 1 1 1 1 1 1 1 1 1 1 1 1 1 1 1 1 1 1 1 1 1 1 1 0 0 0 0 0 0 0 0 0 0 0 0 0  
0 1 1 1 1 1 1 1 1 1 1 1 1 1 1 1 1 1 1 1 1 1 1 1 1 1 1 1 1 1 1 1 1 1 1 1 1 1 1 1 1 1 1 1 1 1 0 0 0 0 0 0 0 0 0 0 0 0 0 0  
0 1 1 1 1 1 1 1 1 1 1 1 1 1 1 1 1 1 1 1 1 1 1 1 1 1 1 1 1 1 1 1 1 1 1 1 1 1 1 1 1 1 1 1 1 0 0 0 0 0 0 0 0 0 0 0 0 0 0 0  
0 0 1 1 1 1 1 1 1 1 1 1 1 1 1 1 1 1 1 1 1 1 1 1 1 1 1 1 1 1 1 1 1 1 1 1 1 1 1 1 1 1 1 1 1 0 0 0 0 0 0 0 0 0 0 0 0 0 0 0  
0 0 1 1 1 1 1 1 1 1 1 1 1 1 1 1 1 1 1 1 1 1 1 1 1 1 1 1 1 1 1 1 1 1 1 1 1 1 1 1 1 1 1 0 0 0 0 0 0 0 0 0 0 0 0 0 0 0 0 0  
0 0 1 1 1 1 1 1 1 1 1 1 1 1 1 1 1 1 1 1 1 1 1 1 1 1 1 1 1 1 1 1 1 1 1 1 1 1 1 1 1 1 0 0 0 0 0 0 0 0 0 0 0 0 0 0 0 0 0 0  
0 0 1 1 1 1 1 1 1 1 1 1 1 1 1 1 1 1 1 1 1 1 1 1 1 1 1 1 1 1 1 1 1 1 1 1 1 1 1 1 1 0 0 0 0 0 0 0 0 0 0 0 0 0 0 0 0 0 0 0  
0 0 1 1 1 1 1 1 1 1 1 1 1 1 1 1 1 1 1 1 1 1 1 1 1 1 1 1 1 1 1 1 1 1 1 1 1 1 1 0 0 0 0 0 0 0 0 0 0 0 0 0 0 0 0 0 0 0 0 0  
0 0 1 1 1 1 1 1 1 1 1 1 1 1 1 1 1 1 1 1 1 1 1 1 1 1 1 1 1 1 1 1 1 1 1 1 1 1 0 0 0 0 0 0 0 0 0 0 0 0 0 0 0 0 0 0 0 0 0 0  
0 0 1 1 1 1 1 1 1 1 1 1 1 1 1 1 1 1 1 1 1 1 1 1 1 1 1 1 1 1 1 1 1 1 1 1 1 0 0 0 0 0 0 0 0 0 0 0 0 0 0 0 0 0 0 0 0 0 0 0  
0 0 1 1 1 1 1 1 1 1 1 1 1 1 1 1 1 1 1 1 1 1 1 1 1 1 1 1 1 1 1 1 1 1 1 0 0 0 0 0 0 0 0 0 0 0 0 0 0 0 0 0 0 0 0 0 0 0 0 0  
0 0 0 1 1 1 1 1 1 1 1 1 1 1 1 1 1 1 1 1 1 1 1 1 1 1 1 1 1 1 1 1 1 1 0 0 0 0 0 0 0 0 0 0 0 0 0 0 0 0 0 0 0 0 0 0 0 0 0 0  
0 0 0 1 1 1 1 1 1 1 1 1 1 1 1 1 1 1 1 1 1 1 1 1 1 1 1 1 1 1 1 1 1 0 0 0 0 0 0 0 0 0 0 0 0 0 0 0 0 0 0 0 0 0 0 0 0 0 0 0  
0 0 0 1 1 1 1 1 1 1 1 1 1 1 1 1 1 1 1 1 1 1 1 1 1 1 1 1 1 1 1 0 0 0 0 0 0 0 0 0 0 0 0 0 0 0 0 0 0 0 0 0 0 0 0 0 0 0 0 0  
0 0 0 1 1 1 1 1 1 1 1 1 1 1 1 1 1 1 1 1 1 1 1 1 1 1 1 1 1 1 0 0 0 0 0 0 0 0 0 0 0 0 0 0 0 0 0 0 0 0 0 0 0 0 0 0 0 0 0 0  
0 0 0 1 1 1 1 1 1 1 1 1 1 1 1 1 1 1 1 1 1 1 1 1 1 1 1 1 0 0 0 0 0 0 0 0 0 0 0 0 0 0 0 0 0 0 0 0 0 0 0 0 0 0 0 0 0 0 0 0  
0 0 0 1 1 1 1 1 1 1 1 1 1 1 1 1 1 1 1 1 1 1 1 1 1 1 0 0 0 0 0 0 0 0 0 0 0 0 0 0 0 0 0 0 0 0 0 0 0 0 0 0 0 0 0 0 0 0 0 0  
0 0 0 1 1 1 1 1 1 1 1 1 1 1 1 1 1 1 1 1 1 1 0 0 0 0 0 0 0 0 0 0 0 0 0 0 0 0 0 0 0 0 0 0 0 0 0 0 0 0 0 0 0 0 0 0 0 0 0 0  
0 0 0 0 1 1 1 1 1 1 1 1 1 1 1 1 1 1 0 0 0 0 0 0 0 0 0 0 0 0 0 0 0 0 0 0 0 0 0 0 0 0 0 0 0 0 0 0 0 0 0 0 0 0 0 0 0 0 0 0  
0 0 0 0 0 1 1 1 1 1 1 1 0 0 0 0 0 0 0 0 0 0 0 0 0 0 0 0 0 0 0 0 0 0 0 0 0 0 0 0 0 0 0 0 0 0 0 0 0 0 0 0 0 0 0 0 0 0 0 0  
0 0 0 0 0 0 0 0 0 0 0 0 0 0 0 0 0 0 0 0 0 0 0 0 0 0 0 0 0 0 0 0 0 0 0 0 0 0 0 0 0 0 0 0 0 0 0 0 0 0 0 0 0 0 0 0 0 0 0 0  
0 0 0 0 0 0 0 0 0 0 0 0 0 0 0 0 0 0 0 0 0 0 0 0 0 0 0 0 0 0 0 0 0 0 0 0 0 0 0 0 0 0 0 0 0 0 0 0 0 0 0 0 0 0 0 0 0 0 0 0  
/

